0: [132.10121154785156, 261.1429443359375, 341.1453857421875, 349.1622619628906, 374.2223205566406, 440.216064453125, 569.2589721679688, 697.3143310546875, 810.3919677734375, 939.4456176757812]
1: [90.05471801757812, 189.1231231689453, 229.1175079345703, 318.1653747558594, 321.6759338378906, 357.17529296875, 378.21807861328125, 422.73681640625, 431.24578857421875, 442.736328125, 458.2235412597656, 492.27880859375, 502.28509521484375, 571.3067626953125, 615.36279296875, 615.3828735351562, 642.345458984375, 716.40576171875, 755.4296264648438, 844.4696044921875, 884.4728393554688, 983.5274658203125]
2: [148.0608367919922, 229.11912536621094, 261.14373779296875, 332.1795654296875, 357.1768493652344, 378.21270751953125, 445.2651672363281, 458.2254333496094, 546.3069458007812, 571.3041381835938, 642.34326171875, 674.3845825195312, 755.4293823242188]
3: [132.10177612304688, 203.13851928710938, 229.11920166015625, 286.158447265625, 316.2172546386719, 321.67767333984375, 357.17694091796875, 458.2264709472656, 545.3297729492188, 571.3150024414062, 642.34326171875]
4: [132.1012420654297, 229.11610412597656, 245.1857452392578, 321.6798095703125, 357.1766662597656, 358.2746887207031, 378.22186279296875, 434.7618103027344, 458.2256164550781, 571.3082275390625, 642.3450927734375, 755.427734375, 771.505615234375, 868.5007934570312]
5: [76.0387954711914, 147.07640075683594, 204.0980682373047, 213.08702087402344, 301.151123046875, 341.1452331542969, 358.1719665527344, 415.1929931640625, 440.2135009765625, 441.215576171875, 472.2144470214844, 497.76080322265625, 511.2510986328125, 526.2730712890625, 554.7847900390625, 585.2991943359375, 639.3088989257812, 714.3413696289062, 733.368896484375, 733.368896484375, 752.392578125, 827.42431640625, 881.4356079101562, 955.4828491210938, 994.5189819335938, 1026.5194091796875, 1051.5391845703125, 1108.5623779296875, 1125.5836181640625, 1253.64306640625, 1392.6981201171875, 1465.7266845703125, 1465.7266845703125, 1465.7266845703125]
6: [204.1324920654297, 229.11782836914062, 305.1761474609375, 326.1693420410156, 465.7381896972656, 533.2760009765625, 579.7905883789062, 620.3130493164062, 626.3108520507812, 734.3452758789062, 833.4278564453125, 930.4730224609375]
7: [229.1165008544922, 306.16021728515625, 357.17578125, 382.20135498046875, 393.1902770996094, 458.2236022949219, 553.2975463867188, 571.302490234375, 579.2705078125, 592.8161010742188, 642.3447875976562, 658.3429565429688, 667.3423461914062, 692.3502197265625, 755.4339599609375, 763.3924560546875, 876.477783203125, 941.5215454101562, 977.5200805664062, 1028.5302734375, 1105.5858154296875]
8: [175.1168212890625, 175.1215362548828, 229.11892700195312, 308.1839599609375, 317.193115234375, 357.1763610839844, 364.7225036621094, 415.2471618652344, 431.2356872558594, 458.22308349609375, 479.27783203125, 544.3192749023438, 571.3140258789062, 584.3252563476562, 593.3251953125, 615.3563232421875, 642.34423828125, 728.4412231445312, 755.433349609375, 829.4873657226562, 940.525390625, 957.5464477539062]
9: [175.11923217773438, 216.12307739257812, 229.12088012695312, 246.15696716308594, 272.6636657714844, 308.1787414550781, 317.19415283203125, 321.6795654296875, 357.1753845214844, 364.721435546875, 431.23529052734375, 458.2191467285156, 479.27642822265625, 544.3204345703125, 571.307373046875, 615.3538818359375, 642.3451538085938, 728.4368896484375, 755.4186401367188, 869.4583740234375]
10: [148.06016540527344, 229.11734008789062, 245.1293487548828, 247.12913513183594, 286.1557312011719, 350.6799621582031, 357.1775207519531, 376.1720275878906, 458.22381591796875, 473.74212646484375, 489.2568664550781, 571.3069458007812, 700.3469848632812, 718.360107421875, 799.420166015625]
11: [148.06143188476562, 229.11892700195312, 245.12864685058594, 247.12962341308594, 321.6737365722656, 357.1756286621094, 376.1640319824219, 376.1737060546875, 378.21435546875, 442.73944091796875, 458.22406005859375, 489.2546081542969, 492.2748107910156, 560.2913208007812, 571.30810546875, 642.344970703125, 673.3782348632812, 755.4306030273438, 774.4268798828125, 884.4722900390625, 902.4757080078125, 983.5396118164062]
12: [118.08638000488281, 217.1536407470703, 245.0764923095703, 300.2167053222656, 314.17242431640625, 358.1626892089844, 373.2566223144531, 486.3395080566406, 599.4242553710938, 627.3455200195312, 726.40869140625, 728.4586791992188]
13: [203.06552124023438, 215.13804626464844, 316.1455993652344, 316.1849365234375, 387.2260437011719, 444.20703125, 557.28955078125, 583.3380737304688, 606.3516845703125, 656.8523559570312, 658.3326416015625, 711.4349365234375, 715.3533935546875, 754.9171142578125, 816.4136962890625, 869.5053100585938, 944.5099487304688, 970.5510864257812, 1041.556396484375, 1083.643798828125, 1140.6083984375, 1211.673583984375, 1312.7105712890625]
14: [132.10113525390625, 229.1192626953125, 245.18618774414062, 342.236083984375, 343.16046142578125, 414.1987609863281, 577.8399047851562, 699.4464721679688, 721.3861083984375, 773.8741455078125, 895.92578125, 944.4632568359375, 952.4970703125, 978.4302978515625, 1057.6243896484375, 1154.6817626953125, 1305.5509033203125, 1546.7279052734375]
15: [229.1189727783203, 247.1283721923828, 414.1961364746094, 457.2638854980469, 489.7076416015625, 635.3546752929688, 685.879638671875, 701.3905029296875, 773.8720703125, 822.406494140625, 877.3572998046875, 895.9392700195312, 1001.0000610351562, 1269.6947021484375, 1305.5552978515625]
16: [175.11929321289062, 203.06568908691406, 205.11672973632812, 272.1682434082031, 322.1648864746094, 378.7122802734375, 389.14691162109375, 409.2314147949219, 435.2502136230469, 446.1658935546875, 463.7652282714844, 496.2615966796875, 556.8038330078125, 559.2506103515625, 600.3165283203125, 643.3268432617188, 756.413330078125, 869.5046997070312, 926.5181274414062]
17: [156.0776824951172, 245.07611083984375, 303.1419982910156, 316.1118469238281, 402.1655578613281, 413.1642150878906, 449.7722473144531, 500.2867126464844, 527.2117309570312, 550.8241577148438, 572.3221435546875, 607.8389282226562, 643.3582763671875, 674.2733764648438, 707.87841796875, 781.4142456054688, 803.3334350585938, 838.4376220703125, 886.960205078125]
18: [116.03379821777344, 205.1172332763672, 229.11822509765625, 307.684814453125, 326.1711120605469, 361.2189025878906, 418.23907470703125, 517.3070068359375, 614.3618774414062]
19: [148.06040954589844, 217.0813751220703, 274.1034851074219, 277.10089111328125, 345.13946533203125, 379.6967468261719, 479.7261962890625, 611.317626953125, 639.8270874023438, 675.3482055664062, 739.8524169921875, 874.4541625976562, 887.4154663085938, 946.4755859375, 946.5076293945312, 1015.4769897460938]
20: [148.06011962890625, 217.0817413330078, 345.1368103027344, 473.7500915527344, 547.28564453125, 639.8274536132812, 675.3572387695312, 946.4886474609375, 946.4886474609375]
21: [229.11721801757812, 392.1841125488281, 451.21966552734375, 506.22344970703125, 653.283935546875, 689.3572387695312, 831.9226684570312, 901.4230346679688, 951.5288696289062, 958.4500122070312, 1008.5476684570312, 1071.5498046875, 1113.607421875, 1157.1214599609375, 1230.6495361328125]
22: [225.62803649902344, 232.13922119140625, 275.1585388183594, 303.1786193847656, 433.7278137207031, 450.2441101074219, 549.3089599609375, 576.8003540039062, 606.3369140625, 689.8468017578125, 718.3713989257812, 766.8856201171875, 769.396728515625, 848.4230346679688, 876.9381713867188, 926.46044921875]
23: [116.03394317626953, 147.07618713378906, 203.06581115722656, 332.10333251953125, 365.7325744628906, 403.14569091796875, 415.2660217285156, 450.7842102050781, 515.3055419921875, 544.3587036132812, 558.8243408203125, 730.4558715820312, 829.5379028320312]
24: [218.1136474609375, 244.12786865234375, 305.1455383300781, 331.1607666015625, 402.1983642578125, 494.2185974121094, 501.26776123046875, 528.2455444335938, 607.3056640625, 684.3201904296875, 721.3546142578125, 728.8524780273438, 736.3504638671875, 793.3636474609375, 850.396240234375, 956.4326782226562, 1055.5032958984375, 1213.57763671875, 1239.5914306640625]
25: [116.03228759765625, 133.06063842773438, 229.11810302734375, 246.1439971923828, 342.1883239746094, 345.2122497558594, 357.2123718261719, 398.7325439453125, 458.2598571777344, 462.759033203125, 473.269775390625, 512.2950439453125, 568.843017578125, 625.8558349609375, 626.3423461914062, 634.8616943359375, 643.37451171875, 683.3719482421875, 796.45166015625, 811.462890625, 912.5184936523438, 924.5130615234375, 1023.5811767578125, 1040.6026611328125, 1136.66162109375]
26: [148.0605926513672, 247.07427978515625, 295.1286315917969, 360.1569519042969, 366.165283203125, 467.2115478515625, 480.7122497558594, 480.7281494140625, 489.2032775878906, 516.2381591796875, 580.2963256835938, 589.7698364257812, 618.2413330078125, 654.2904052734375, 708.35595703125, 746.3031005859375, 837.3856201171875, 859.3818969726562, 960.429443359375, 1031.467041015625, 1079.5230712890625, 1178.5338134765625]
27: [116.03519439697266, 132.10081481933594, 215.10142517089844, 260.1957092285156, 286.13726806640625, 332.1933898925781, 357.17529296875, 374.2373352050781, 439.2340087890625, 521.3082275390625, 592.3433227539062, 663.380126953125, 746.3787231445312]
28: [187.10797119140625, 215.10198974609375, 263.1396179199219, 284.1600646972656, 286.1401062011719, 381.2133483886719, 385.20745849609375, 416.2093811035156, 438.2334899902344, 488.2439270019531, 525.2639770507812, 532.2755737304688, 536.7716674804688, 585.2921142578125, 624.3349609375, 661.3129272460938, 695.364501953125, 732.3539428710938, 824.4147338867188, 831.4246826171875, 918.4591064453125, 971.4769897460938, 975.4788208007812, 1070.5430908203125, 1072.5223388671875, 1141.566650390625, 1169.586181640625, 1355.6573486328125]
29: [90.05457305908203, 203.13885498046875, 279.0992736816406, 299.63134765625, 343.1878967285156, 366.1974182128906, 381.1630554199219, 424.71759033203125, 437.7043762207031, 522.3015747070312, 598.2623291015625, 685.3654174804688, 761.3198852539062, 848.4148559570312, 874.4020385742188]
30: [132.100830078125, 260.1971130371094, 279.0973205566406, 317.217041015625, 426.1672668457031, 443.22088623046875, 480.2776184082031, 524.7517700195312, 555.2056884765625, 573.2590942382812, 582.26513671875, 609.3216552734375, 684.2537231445312, 738.363037109375, 847.3106689453125, 885.4339599609375, 904.3284301757812]
31: [106.05108642578125, 220.0900115966797, 351.1496276855469, 424.6852722167969, 439.7102966308594, 453.1980895996094, 468.21844482421875, 473.21124267578125, 516.7477416992188, 530.2389526367188, 530.2389526367188, 545.257080078125, 578.7626342773438, 618.7886962890625, 701.3003540039062, 781.3609619140625, 848.3630981445312, 878.4093627929688, 905.3781127929688, 935.4313354492188, 1032.483154296875, 1059.4525146484375, 1089.5059814453125]
32: [76.0392837524414, 223.10792541503906, 229.11500549316406, 280.1293640136719, 444.20538330078125, 599.79248046875, 608.2894287109375, 643.3050537109375, 681.8191528320312, 707.3383178710938, 710.34033203125, 783.8792114257812]
33: [76.03887176513672, 223.10623168945312, 349.2238464355469, 599.338134765625, 643.3023681640625, 707.330810546875, 728.8853759765625, 756.87939453125, 793.4132690429688, 821.3993530273438, 885.4094848632812]
34: [147.11277770996094, 260.201416015625, 302.1158142089844, 359.12945556640625, 361.24298095703125, 446.16326904296875, 448.2762756347656, 561.3577270507812, 637.3428955078125, 646.340087890625, 662.4085693359375, 733.4434204101562, 846.5305786132812, 933.5520629882812, 990.5770874023438]
35: [116.0700912475586, 229.11517333984375, 250.13059997558594, 263.1390686035156, 307.1586608886719, 343.1574401855469, 380.69244384765625, 438.222412109375, 499.26116943359375, 533.28125, 613.3013916015625, 647.3252563476562, 760.3718872070312]
36: [215.10232543945312, 232.13941955566406, 316.1485900878906, 345.2257080078125, 444.2940979003906, 515.3300170898438, 558.312744140625, 608.8391723632812, 628.4158325195312, 706.8744506835938, 775.4791870117188, 803.3452758789062, 889.52197265625, 1018.563232421875, 1115.6171875, 1199.64111328125, 1216.6658935546875]
37: [147.11387634277344, 215.10305786132812, 260.2004699707031, 378.162353515625, 403.7564392089844, 416.2847900390625, 452.26055908203125, 461.27435302734375, 544.3905029296875, 563.2799682617188, 662.3505249023438, 707.445068359375, 775.4229125976562, 806.5048217773438]
38: [215.09983825683594, 232.13589477539062, 314.7074890136719, 345.22442626953125, 444.290283203125, 515.3258056640625, 558.3098754882812, 608.8418579101562, 628.4170532226562, 656.2846069335938, 775.4691772460938, 803.3495483398438]
39: [147.11195373535156, 215.10398864746094, 260.1946105957031, 354.226806640625, 359.2615661621094, 403.7558288574219, 416.2887268066406, 544.381103515625]
40: [245.07583618164062, 352.66998291015625, 358.1622009277344, 417.2198181152344, 486.2568359375, 546.2662963867188, 584.2899169921875, 633.2930908203125, 704.3309936523438, 733.3770141601562, 807.8883056640625, 811.429443359375, 817.4127197265625, 828.4019165039062, 892.9359130859375, 956.9827880859375, 980.465576171875, 986.009765625, 1050.521728515625, 1054.5015869140625, 1132.0576171875, 1188.5855712890625, 1297.619873046875]
41: [127.04774475097656, 147.11158752441406, 173.12623596191406, 246.18118286132812, 253.0923614501953, 345.24835205078125, 361.1500244140625, 380.2359619140625, 389.6597900390625, 400.158447265625, 438.1883850097656, 444.316162109375, 485.30242919921875, 487.1893615722656, 494.7314147949219, 513.810302734375, 538.2465209960938, 543.3824462890625, 574.2211303710938, 587.3491821289062, 602.7642211914062, 652.3096923828125, 672.4285888671875, 701.8341064453125, 721.2925415039062, 751.3665161132812, 759.458740234375, 778.3135986328125, 800.8911743164062, 872.5447998046875, 875.3598022460938, 969.5791015625, 969.6004638671875, 988.4558715820312, 1026.61181640625, 1075.4737548828125, 1204.515625, 1303.59716796875, 1402.650146484375]
42: [175.12112426757812, 180.08831787109375, 203.06759643554688, 238.14073181152344, 262.1459655761719, 285.6327209472656, 319.6669921875, 348.1822509765625, 359.16571044921875, 367.1700744628906, 395.6756286621094, 429.71490478515625, 458.2242736816406, 477.2138977050781, 513.2379150390625, 539.7548217773438, 568.2633666992188, 570.2623901367188, 596.7813720703125, 645.3025512695312, 733.3256225585938, 790.3456420898438]
43: [106.05028533935547, 270.6210632324219, 314.14324951171875, 378.1622314453125, 443.1893005371094, 540.2403564453125, 654.2794799804688, 755.3218383789062, 775.8861694335938]
44: [173.05494689941406, 175.12098693847656, 270.10626220703125, 275.16424560546875, 322.1848449707031, 369.1752014160156, 379.2067565917969, 436.2300720214844, 482.2583312988281, 504.23895263671875, 537.7587890625, 549.3167724609375, 594.296875, 619.3145141601562, 680.3543090820312, 692.3641967773438, 747.3739013671875, 809.392822265625, 876.423828125, 937.4583129882812, 1007.451904296875]
45: [147.0780029296875, 229.11741638183594, 303.17877197265625, 357.1781005859375, 374.2146301269531, 458.2256774902344, 473.28167724609375, 564.8217163085938, 571.3070678710938, 602.3251342773438, 642.3465576171875, 669.8745727539062, 678.8704833984375, 715.4086303710938, 755.4147338867188, 786.4474487304688, 884.4736328125, 899.53173828125, 1000.5748901367188, 1128.6207275390625, 1210.668212890625]
46: [159.0749053955078, 171.0735321044922, 171.07846069335938, 173.09393310546875, 213.08656311035156, 244.12869262695312, 260.12469482421875, 317.1449279785156, 341.14544677734375, 349.1619567871094, 365.19580078125, 374.1676330566406, 405.7000427246094, 440.21429443359375, 470.2275085449219, 487.250732421875, 526.7666015625, 555.2792358398438, 569.2557373046875, 583.7897338867188, 616.2947998046875, 627.3055419921875, 697.3159790039062, 704.3427124023438, 713.3438720703125, 729.3804931640625, 810.3989868164062, 857.4329223632812, 939.442626953125, 986.474609375, 1052.5260009765625, 1085.5623779296875, 1109.5474853515625, 1166.5677490234375, 1253.6004638671875]
47: [132.1027069091797, 247.12936401367188, 304.1515808105469, 401.2028503417969, 440.2117919921875, 488.2317810058594, 545.2567749023438, 569.251708984375, 602.275146484375, 697.3206787109375, 715.356201171875, 810.3925170898438, 818.3969116210938, 827.3953857421875, 844.3965454101562, 939.4466552734375, 1052.521240234375, 1109.54833984375, 1166.564208984375, 1253.5938720703125]
48: [147.07611083984375, 260.1600646972656, 341.14837646484375, 432.20416259765625, 440.2089538574219, 470.22613525390625, 529.2603149414062, 569.24853515625, 616.293212890625, 697.3140869140625, 730.3319702148438, 761.862548828125, 810.3936767578125, 818.3911743164062, 843.4089965820312, 891.4478759765625, 939.4365234375, 972.46533203125, 1052.52294921875, 1109.554443359375, 1166.56640625, 1253.5972900390625, 1635.785400390625]
49: [213.08761596679688, 248.12344360351562, 361.20916748046875, 440.2125549316406, 569.2512817382812, 630.3075561523438, 697.3090209960938, 717.3441772460938, 810.3975219726562, 818.4060668945312, 831.392822265625, 932.9501953125, 939.4287719726562, 944.4749145507812, 1052.5360107421875, 1073.5052490234375, 1109.544677734375, 1166.58203125, 1186.6043701171875, 1253.60302734375, 1522.707275390625, 1635.793212890625]
50: [173.09185791015625, 260.12322998046875, 374.17041015625, 470.1803283691406, 487.24969482421875, 569.2591552734375, 616.2902221679688, 698.3068237304688, 729.3807983398438, 826.3455200195312, 857.4256591796875, 939.4288940429688, 986.4916381835938, 1068.480712890625, 1085.5523681640625, 1238.585205078125, 1295.6087646484375, 1382.639892578125]
51: [173.09173583984375, 226.11952209472656, 260.12359619140625, 317.1429748535156, 325.18841552734375, 374.1632385253906, 412.7117004394531, 454.2325439453125, 487.25421142578125, 497.7627868652344, 526.265869140625, 582.2866821289062, 616.2885131835938, 646.8231201171875, 695.3611450195312, 729.3707885742188, 824.4076538085938, 937.4927978515625, 994.5059814453125, 1051.5391845703125, 1138.5672607421875]
52: [76.04076385498047, 173.0923614501953, 228.13339233398438, 260.1253967285156, 317.1490173339844, 357.1767272949219, 374.1647644042969, 420.7269287109375, 449.2300109863281, 449.2416076660156, 477.7525634765625, 485.2353210449219, 487.2526550292969, 521.261962890625, 598.31884765625, 616.2941284179688, 727.3579711914062, 729.36376953125, 840.4415893554688, 897.4649658203125, 954.4795532226562, 1041.51806640625]
53: [173.09188842773438, 229.1183624267578, 260.1241149902344, 317.1407775878906, 344.14263916015625, 374.16607666015625, 399.1858825683594, 463.207763671875, 487.25225830078125, 519.7529296875, 543.2696533203125, 569.2548828125, 584.2871704101562, 616.2864379882812, 616.3023071289062, 640.815185546875, 655.8345947265625, 668.3238525390625, 669.3271484375, 697.8355712890625, 729.3756713867188, 741.3555297851562, 797.36572265625, 818.402099609375, 857.4306640625, 925.4215087890625, 986.4799194335938, 1038.506103515625, 1085.5360107421875, 1167.5565185546875, 1280.6405029296875, 1310.66357421875, 1337.6517333984375, 1394.697998046875, 1481.70947265625]
54: [147.0762481689453, 229.11782836914062, 237.14627075195312, 303.1764831542969, 321.67913818359375, 357.1728210449219, 358.20697021484375, 374.2130126953125, 378.21356201171875, 393.7229919433594, 450.2751159667969, 458.2236328125, 473.2828063964844, 564.8181762695312, 571.3056640625, 602.3270874023438, 642.3436279296875, 715.4035034179688, 755.4280395507812, 786.4478149414062, 884.4766235351562, 899.523193359375, 983.5467529296875, 1000.5624389648438]
55: [132.101318359375, 213.08665466308594, 233.14889526367188, 341.14068603515625, 405.69775390625, 440.2129211425781, 470.2231750488281, 474.2843933105469, 526.7590942382812, 555.2835083007812, 569.2531127929688, 627.2975463867188, 697.3150634765625, 743.3883666992188, 810.4013671875, 830.4295043945312, 939.44140625, 944.4529418945312, 1052.5382080078125, 1057.545166015625, 1166.5465087890625, 1166.5728759765625]
56: [106.04853057861328, 106.05130004882812, 216.62710571289062, 234.14425659179688, 245.62890625, 286.1519775390625, 298.1575622558594, 319.1531677246094, 331.19647216796875, 343.16864013671875, 371.69158935546875, 432.24383544921875, 451.2155456542969, 490.2423400878906, 563.7769775390625, 595.3043823242188, 637.3085327148438, 800.3762817382812]
57: [229.1172332763672, 357.1750793457031, 458.223388671875, 464.287109375, 513.8263549804688, 571.3011474609375, 578.3544921875, 634.8916625976562, 670.4046630859375, 700.4517822265625, 726.9618530273438]
58: [118.08654022216797, 229.11842346191406, 247.1284942626953, 357.1761474609375, 360.21014404296875, 378.2173156738281, 431.24560546875, 458.2299499511719, 544.3313598632812, 571.310791015625, 642.3456420898438, 645.3758544921875, 755.4297485351562, 773.4329833984375, 884.46875]
59: [147.0767364501953, 218.11331176757812, 229.117431640625, 317.1813049316406, 321.6817626953125, 357.1761779785156, 378.2153625488281, 442.73748779296875, 446.2231750488281, 458.22210693359375, 492.26995849609375, 527.7947387695312, 543.306640625, 559.3093872070312, 571.3080444335938, 630.3408203125, 642.3438110351562, 743.4224243164062, 755.4283447265625, 844.4766235351562, 884.4690551757812, 972.5348510742188, 983.5379638671875, 1054.5819091796875]
60: [147.07664489746094, 229.11856079101562, 275.1351013183594, 344.1842346191406, 346.1715087890625, 357.17669677734375, 378.2173156738281, 442.73687744140625, 445.2395935058594, 458.2237243652344, 492.2749938964844, 527.7921142578125, 571.307861328125, 574.281982421875, 642.3458862304688, 655.8630981445312, 687.3671875, 755.427734375, 758.4048461914062, 871.4873046875, 884.472900390625, 972.531494140625, 983.5388793945312, 1054.5816650390625, 1100.5858154296875, 1182.614990234375, 1182.6568603515625]
61: [147.07615661621094, 204.09786987304688, 213.08729553222656, 256.12591552734375, 301.1512145996094, 341.1457214355469, 358.17169189453125, 376.69683837890625, 415.1937561035156, 440.2140197753906, 441.2187805175781, 472.21490478515625, 478.2535400390625, 497.76495361328125, 511.2519226074219, 526.2757568359375, 554.7841186523438, 583.2963256835938, 585.2978515625, 631.8206787109375, 639.31005859375, 660.33447265625, 695.852783203125, 714.340087890625, 724.3663940429688, 752.3937377929688, 827.4246215820312, 881.4375610351562, 955.4801635742188, 994.5206909179688, 1026.5211181640625, 1051.541259765625, 1108.56396484375, 1125.5897216796875, 1165.584228515625, 1319.6524658203125]
62: [106.05028533935547, 119.0478744506836, 237.0913848876953, 286.15032958984375, 334.14312744140625, 435.1896667480469, 451.2145690917969, 490.2322998046875, 499.73663330078125, 565.25634765625, 598.2449951171875, 608.7700805664062, 617.7771606445312, 637.3049926757812, 800.3719482421875, 901.4192504882812, 1129.5185546875]
63: [118.08432006835938, 229.1156768798828, 288.19317626953125, 414.7491455078125, 444.2890319824219, 450.27886962890625, 499.8067932128906, 505.7896423339844, 555.3245239257812, 564.3306884765625, 572.38623046875, 700.4451904296875, 828.5015258789062, 899.5385131835938]
64: [147.07659912109375, 226.11801147460938, 301.1512756347656, 325.1854553222656, 358.17193603515625, 396.2222900390625, 415.1956787109375, 440.2438659667969, 472.21429443359375, 524.2802734375, 525.7745971679688, 574.3141479492188, 585.296875, 602.8159790039062, 637.3732299804688, 638.330810546875, 666.8482055664062, 714.3416137695312, 766.408935546875, 827.4270629882812, 879.4903564453125, 936.5115966796875, 993.546875, 1050.5628662109375, 1204.63232421875]
65: [129.06423950195312, 147.0756072998047, 228.13414001464844, 299.1705017089844, 301.15008544921875, 358.17486572265625, 415.192626953125, 420.2270202636719, 427.2271423339844, 472.21466064453125, 477.2568664550781, 525.7836303710938, 540.3114013671875, 554.2904052734375, 585.2963256835938, 589.8091430664062, 618.3221435546875, 669.3529663085938, 714.3425903320312, 782.4351806640625, 827.4271850585938, 839.4610595703125, 896.4883422851562, 953.49658203125, 955.4855346679688, 1107.576904296875]
66: [301.1528015136719, 344.14892578125, 358.1748962402344, 415.1943359375, 472.21685791015625, 569.2501220703125, 585.3036499023438, 640.3255004882812, 668.3251953125, 714.3378295898438, 739.3656005859375, 827.4277954101562, 838.4044189453125, 867.4219970703125, 955.4795532226562, 980.50439453125, 1026.515380859375, 1109.5323486328125, 1125.5831298828125, 1222.6165771484375, 1393.681884765625, 1393.7216796875]
67: [147.07656860351562, 223.12158203125, 229.11903381347656, 275.1348876953125, 287.64453125, 321.67486572265625, 344.1831970214844, 346.1724548339844, 357.1739807128906, 378.2216491699219, 442.7390441894531, 445.2399597167969, 458.2239685058594, 492.2657165527344, 527.7864379882812, 571.3072509765625, 574.2814331054688, 642.345458984375, 687.3649291992188, 755.4293823242188, 758.400634765625, 884.47021484375, 983.5382080078125, 1054.58154296875]
68: [118.08567810058594, 229.1177978515625, 350.7248840332031, 357.176513671875, 444.29681396484375, 450.27996826171875, 458.2223205566406, 492.26922607421875, 499.8058166503906, 564.3298950195312, 571.3062133789062, 572.3776245117188, 620.8703002929688, 642.344482421875, 656.3909301757812, 700.4428100585938, 712.9328002929688, 755.4352416992188, 763.456298828125, 826.4666748046875, 827.484375, 828.4888916015625, 899.5437622070312, 998.6094360351562, 1127.64501953125, 1240.7296142578125, 1311.79736328125]
69: [76.03902435302734, 147.0765380859375, 204.097900390625, 213.08360290527344, 256.1308898925781, 301.1500244140625, 320.1546630859375, 341.14678955078125, 358.1703186035156, 376.69610595703125, 414.21337890625, 415.1885070800781, 440.2137451171875, 441.2198791503906, 472.21307373046875, 497.7637939453125, 511.2506103515625, 526.2744140625, 554.785888671875, 563.2982788085938, 583.2924194335938, 585.2977905273438, 631.8207397460938, 639.30908203125, 660.3316040039062, 695.837890625, 714.3360595703125, 724.3649291992188, 733.3652954101562, 752.3937377929688, 827.4256591796875, 881.434814453125, 955.489990234375, 994.5167236328125, 1026.51953125, 1051.5369873046875, 1108.56103515625, 1165.578125, 1319.654296875]
70: [102.07330322265625, 132.10128784179688, 203.13951110839844, 213.08387756347656, 341.1412658691406, 417.27545166015625, 440.21307373046875, 441.2171630859375, 511.2486877441406, 526.2655029296875, 554.7902221679688, 583.2953491210938, 639.31103515625, 752.38623046875, 830.4588012695312, 881.4332885742188, 994.52197265625, 1051.5362548828125, 1108.555908203125, 1165.57763671875, 1169.6153564453125, 1390.6708984375, 1390.718505859375]
71: [130.04945373535156, 148.0586700439453, 286.1513671875, 319.1533508300781, 343.17547607421875, 400.6849060058594, 451.21453857421875, 453.71783447265625, 490.2376708984375, 502.2514953613281, 532.2778930664062, 552.7764282226562, 608.7848510742188, 634.3043212890625, 637.3079833984375, 707.8446655273438, 775.4207153320312, 800.36962890625, 901.4221801757812]
72: [148.06089782714844, 174.08447265625, 219.09703063964844, 263.1015625, 347.1553649902344, 364.15179443359375, 474.2470397949219, 477.2345275878906, 533.2525634765625, 578.2717895507812, 620.2921142578125, 691.3564453125, 733.3640747070312, 778.3934326171875, 834.4275512695312, 865.4260864257812, 947.4959716796875, 1092.5419921875, 1163.587646484375]
73: [148.06033325195312, 235.09194946289062, 279.10137939453125, 366.1287841796875, 479.2127380371094, 564.2465209960938, 580.2609252929688, 651.2764282226562, 693.34716796875, 764.3583984375, 865.4130249023438, 978.4796752929688, 1065.5377197265625]
74: [74.05974578857422, 147.11212158203125, 203.06649780273438, 248.16079711914062, 304.1138000488281, 361.2421569824219, 462.2931213378906, 467.1790466308594, 554.2000732421875, 575.3770141601562, 676.4104614257812, 676.4297485351562, 758.8589477539062, 763.4466552734375, 850.4877319335938, 981.5345458984375, 1068.5665283203125, 1174.4857177734375, 1231.6207275390625, 1332.6522216796875]
75: [166.0867156982422, 230.07679748535156, 244.1092529296875, 284.669189453125, 322.18743896484375, 413.2369689941406, 421.2538146972656, 470.2509765625, 487.2130432128906, 568.3211669921875, 634.2816162109375, 697.3546142578125]
76: [76.03943634033203, 244.12762451171875, 247.07557678222656, 365.1944885253906, 376.1163635253906, 400.2303466796875, 487.7303771972656, 489.2016906738281, 501.2784118652344, 588.2643432617188, 600.29736328125, 630.3199462890625, 729.3881225585938, 818.3612060546875, 842.4642944335938, 971.5170288085938, 974.4619140625]
77: [187.07203674316406, 269.16259765625, 300.1524658203125, 326.1803894042969, 370.20611572265625, 371.19085693359375, 397.2169189453125, 458.2163391113281, 463.2363586425781, 468.2527770996094, 555.2894897460938, 626.3242797851562, 739.4052124023438]
78: [106.04985809326172, 219.13246154785156, 231.06362915039062, 344.1432189941406, 377.20709228515625, 490.2844543457031, 498.2198181152344, 569.2549438476562, 618.3486938476562, 682.3402709960938, 715.396484375, 769.3726806640625, 828.4769287109375, 840.3995361328125, 953.4924926757812]
79: [110.07181549072266, 219.133056640625, 263.1016845703125, 347.6974182128906, 364.1485900878906, 398.21978759765625, 427.2362365722656, 520.2604370117188, 526.2914428710938, 529.2656860351562, 597.3294677734375, 694.390380859375, 795.4354248046875]
80: [166.08816528320312, 245.076416015625, 344.1438903808594, 401.160888671875, 499.24908447265625, 549.2786865234375, 580.7802124023438, 587.2341918945312, 605.8185424804688, 613.3140258789062, 630.3152465820312, 655.3572387695312, 658.2633666992188, 704.8920288085938, 714.3527221679688, 771.3473510742188, 899.4887084960938, 900.431396484375, 956.0208740234375, 978.5142822265625, 991.5509033203125, 997.4886474609375, 1084.5806884765625, 1097.55517578125, 1113.0926513671875, 1120.589111328125, 1160.5430908203125, 1162.613037109375, 1210.639404296875, 1259.6104736328125, 1309.7130126953125, 1358.67919921875, 1408.7657470703125, 1571.8424072265625]
81: [133.06097412109375, 229.1192169189453, 280.12738037109375, 281.1316223144531, 316.1477966308594, 403.1809997558594, 632.2926025390625, 892.0154418945312, 957.5401611328125]
82: [173.0545654296875, 272.1244812011719, 289.1602783203125, 388.23065185546875, 435.1887512207031, 501.3130798339844, 564.2342529296875, 564.78271484375, 648.3753662109375, 665.2791137695312, 691.3406372070312, 735.4119262695312, 836.4589233398438, 965.5071411132812, 1128.5687255859375]
83: [173.0914306640625, 253.09454345703125, 260.123291015625, 352.1593933105469, 388.18389892578125, 539.2482299804688, 551.2435913085938, 556.2416381835938, 684.8099365234375, 719.3058471679688, 728.3281860351562, 776.340087890625, 805.3720092773438, 814.3775024414062, 877.3824462890625, 909.4143676757812, 1077.4986572265625, 1240.568603515625, 1368.625244140625, 1455.649169921875]
84: [166.08615112304688, 229.1190948486328, 286.1385803222656, 414.19354248046875, 432.1851806640625, 441.19195556640625, 533.2321166992188, 546.2463989257812, 555.2413330078125, 696.2931518554688, 815.370849609375, 824.3558349609375, 881.379150390625, 944.407958984375]
85: [76.03865814208984, 204.0977020263672, 229.11683654785156, 300.1531677246094, 371.191650390625, 499.2830810546875, 516.7894897460938, 535.2884521484375, 545.2969360351562, 570.80322265625, 606.3240966796875, 618.8353881835938, 682.862060546875, 790.4413452148438, 919.49755859375, 941.4624633789062]
86: [263.10076904296875, 334.1390075683594, 481.2011413574219, 607.306396484375, 609.25634765625, 685.8135986328125, 744.3295288085938, 770.3652954101562, 772.3258666992188, 799.8634033203125, 843.3948974609375, 857.3948974609375, 885.401611328125, 958.4353637695312, 972.4298095703125, 986.4452514648438, 1013.5057983398438, 1014.964599609375, 1096.5211181640625, 1202.497802734375, 1234.080322265625, 1269.587890625, 1317.546875, 1483.702880859375]
87: [132.1007843017578, 245.0774383544922, 246.14395141601562, 282.1477966308594, 316.1136169433594, 333.1771545410156, 387.1519470214844, 395.6878356933594, 410.2162170410156, 410.2273864746094, 464.21319580078125, 483.753662109375, 534.215576171875, 554.7906494140625, 563.2860107421875, 611.28564453125, 662.2774047851562, 667.8198852539062, 676.8241577148438, 691.3781127929688, 790.3678588867188, 819.434814453125, 889.437744140625, 966.5049438476562, 1020.4776611328125, 1037.5430908203125, 1107.5096435546875, 1108.5806884765625, 1221.5732421875]
88: [215.10206604003906, 328.1860046386719, 384.7022705078125, 427.2552795410156, 477.2226257324219, 514.28369140625, 514.28369140625, 577.2859497070312, 620.8015747070312, 640.2925415039062, 670.3348999023438, 726.8753051757812, 731.8829345703125, 905.4358520507812, 1240.592041015625]
89: [205.0830078125, 215.10316467285156, 328.18914794921875, 333.17584228515625, 384.69268798828125, 390.1921691894531, 427.2523498535156, 453.2272033691406, 477.2314453125, 514.2804565429688, 514.2804565429688, 526.7557983398438, 577.2865600585938, 620.8004150390625, 640.2962646484375, 670.3345336914062, 726.876708984375, 768.3916015625, 905.4364624023438]
90: [202.63543701171875, 231.1407928466797, 243.13108825683594, 276.1649475097656, 307.1835632324219, 361.21441650390625, 361.227294921875, 404.2557067871094, 404.26287841796875, 404.7310485839844, 404.7408142089844, 453.263671875, 461.28326416015625, 509.8062744140625, 574.3199462890625, 574.36572265625, 613.3645629882812, 721.4290771484375, 742.4077758789062, 808.4603881835938, 905.5319213867188]
91: [132.10069274902344, 245.07489013671875, 261.14398193359375, 340.189453125, 360.21124267578125, 373.17303466796875, 374.6802062988281, 389.730712890625, 403.1865234375, 452.7253723144531, 516.3099975585938, 516.323974609375, 520.238037109375, 619.3085327148438, 661.8429565429688, 679.375732421875, 726.36474609375, 748.3477783203125, 778.4368896484375, 805.3697509765625, 835.4612426757812, 904.4359130859375, 964.4946899414062, 1223.617431640625]
92: [120.06442260742188, 215.1005401611328, 221.11404418945312, 286.1386413574219, 385.2067565917969, 457.72833251953125, 528.2716064453125, 612.37353515625, 666.875732421875, 700.8563232421875, 744.364013671875, 779.896728515625, 827.4189453125, 831.9385986328125, 853.42333984375, 896.46923828125, 901.949462890625, 1043.486328125, 1215.58984375]
93: [166.08642578125, 173.05616760253906, 270.10809326171875, 303.14483642578125, 369.1763916015625, 401.218017578125, 416.2328796386719, 449.74420166015625, 478.25494384765625, 497.2288818359375, 517.2804565429688, 526.7610473632812, 535.7630004882812, 554.2583618164062, 574.2977905273438, 702.356689453125, 801.4288330078125, 898.4769287109375]
94: [74.05950164794922, 138.09095764160156, 147.1119842529297, 204.1345672607422, 229.11993408203125, 275.1700439453125, 286.1374206542969, 295.1701965332031, 376.2176818847656, 380.22601318359375, 400.18060302734375, 428.7212219238281, 437.7403259277344, 475.2862854003906, 499.24456787109375, 589.3285522460938, 600.3006591796875, 646.3524780273438, 671.34130859375, 759.421630859375]
95: [148.06016540527344, 229.11697387695312, 261.1443176269531, 348.1775207519531, 400.18365478515625, 447.2410888671875, 499.2514953613281, 561.2855224609375, 599.802490234375, 600.2998657226562, 632.3203125, 632.336669921875, 656.8323974609375, 671.3306884765625, 706.357666015625, 728.3544311523438, 749.8739013671875, 765.8867797851562, 788.4095458984375, 806.4044799804688, 856.4609985351562, 870.9412841796875, 879.942626953125, 971.4746704101562, 1028.5009765625, 1031.541015625, 1088.54638671875, 1127.567138671875, 1159.586669921875, 1198.597412109375, 1260.6439208984375, 1312.653564453125, 1359.7037353515625, 1411.69970703125, 1498.7349853515625]
96: [231.06167602539062, 344.1478271484375, 443.6982116699219, 446.2745361328125, 487.7750549316406, 503.28863525390625, 538.2994384765625, 574.3253173828125, 581.8104858398438, 643.3173217773438, 646.327880859375, 710.8602294921875, 745.390869140625, 757.3435668945312, 802.36572265625, 824.8939819335938, 846.427734375, 886.3883056640625, 1015.4210205078125]
97: [239.09860229492188, 386.2022705078125, 414.2023620605469, 457.23834228515625, 463.73309326171875, 504.22235107421875, 513.2645874023438, 569.7999267578125, 613.3170166015625, 705.8630981445312, 730.33251953125, 740.34130859375, 748.8250122070312, 762.3956909179688, 805.393310546875, 833.88330078125, 884.4072265625, 926.4522705078125, 940.95263671875, 944.4457397460938, 1004.9862670898438, 1025.5260009765625, 1033.4984130859375, 1077.0059814453125, 1133.5491943359375, 1138.6123046875, 1183.0927734375, 1410.7320556640625, 1609.73388671875]
98: [173.05499267578125, 239.1055908203125, 270.10833740234375, 367.1591491699219, 369.1759033203125, 497.22894287109375, 504.2178955078125, 541.2594604492188, 591.2822265625, 603.2879028320312, 633.7904663085938, 655.3102416992188, 655.3102416992188, 698.3053588867188, 719.3485107421875, 740.341552734375, 748.8344116210938, 798.39892578125, 805.390625, 826.906982421875, 833.8880615234375, 884.4133911132812, 887.417724609375, 891.4246826171875, 905.4472045898438, 939.95947265625, 940.9547729492188, 944.4395141601562, 989.4862060546875, 1004.9873657226562, 1033.49658203125, 1039.019775390625, 1077.009033203125, 1095.559326171875, 1133.556396484375, 1139.082275390625, 1167.5906982421875, 1181.5712890625, 1183.080322265625, 1231.6165771484375, 1232.6187744140625, 1266.5684814453125, 1309.6170654296875]
99: [130.04737854003906, 130.0510711669922, 365.6763610839844, 367.15911865234375, 386.2038879394531, 414.19775390625, 457.23681640625, 463.7269287109375, 504.21759033203125, 513.26611328125, 569.810546875, 601.2952880859375, 605.2855834960938, 613.32470703125, 633.7930908203125, 641.827392578125, 698.30859375, 705.8670043945312, 730.339111328125, 748.8363647460938, 805.3798217773438, 833.8885498046875, 884.4126586914062, 926.4559326171875, 940.953857421875, 944.4342651367188, 1025.5233154296875, 1033.5013427734375, 1077.005859375, 1133.5540771484375]
100: [76.03897094726562, 173.05670166015625, 239.10458374023438, 270.1078186035156, 367.1587829589844, 369.1763916015625, 497.23736572265625, 504.2218933105469, 603.2958374023438, 605.292236328125, 633.7913208007812, 698.3126831054688, 719.3486938476562, 740.345947265625, 748.8368530273438, 805.3869018554688, 833.8908081054688, 884.4120483398438, 891.425537109375, 939.9591064453125, 940.954345703125, 944.4291381835938, 989.4848022460938, 1033.4967041015625, 1039.0203857421875, 1077.017822265625, 1081.4957275390625, 1095.560546875, 1167.5897216796875, 1266.588623046875]
101: [138.09107971191406, 147.07620239257812, 242.64712524414062, 271.1380920410156, 272.13543701171875, 275.1701354980469, 286.1641540527344, 371.2028503417969, 404.2082214355469, 484.28570556640625, 541.2705078125, 571.3175659179688, 591.3004760742188, 649.3597412109375, 749.4160766601562, 882.4614868164062, 1094.6082763671875]
102: [132.100830078125, 203.0657196044922, 203.13931274414062, 332.1825866699219, 395.7063903808594, 402.19512939453125, 403.21783447265625, 452.24871826171875, 474.25909423828125, 487.7695007324219, 523.2860107421875, 587.3404541015625, 587.8027954101562, 623.328857421875, 679.8743896484375, 688.8609619140625, 790.4072265625, 903.4880981445312, 974.5255737304688, 1045.5699462890625, 1174.606689453125, 1245.6300048828125]
103: [132.10215759277344, 231.0615997314453, 260.16290283203125, 344.1431884765625, 423.22064208984375, 442.7496337890625, 471.2548522949219, 551.3170776367188, 588.2721557617188, 602.7786254882812, 615.3141479492188, 638.3460693359375, 645.2890625, 750.882080078125, 758.3692016601562, 785.4212646484375, 824.4094848632812, 872.9528198242188, 884.4829711914062, 914.9285888671875, 929.4889526367188, 941.512939453125, 946.4497680664062, 978.9622192382812, 1028.533935546875, 1060.482421875, 1147.5050048828125, 1204.543701171875, 1303.5999755859375, 1500.770263671875]
104: [166.08506774902344, 272.1225280761719, 285.1743469238281, 294.17913818359375, 341.7182922363281, 371.1880187988281, 391.2503356933594, 440.78533935546875, 469.30010986328125, 569.3436889648438, 682.42529296875, 781.49267578125]
105: [166.0860137939453, 237.1226043701172, 336.1904602050781, 568.3352661132812, 598.3023681640625, 625.3602294921875, 698.8939819335938, 763.4166870117188, 795.4779052734375, 827.9428100585938, 877.4744873046875, 912.9931030273438, 1007.6400756835938, 1064.642822265625, 1135.6793212890625]
106: [74.05984497070312, 147.11386108398438, 229.11721801757812, 246.1812286376953, 317.2171325683594, 358.1617431640625, 445.3078308105469, 459.72576904296875, 487.2038879394531, 524.2584228515625, 558.2385864257812, 572.2547607421875, 573.3773193359375, 654.287841796875, 671.3235473632812, 711.800537109375, 760.3320922851562, 800.3726806640625, 816.3289184570312, 824.8531494140625, 881.3953857421875, 916.91357421875, 918.4449462890625, 981.4315795898438, 1045.962890625, 1519.647705078125]
107: [90.05518341064453, 177.08782958984375, 203.06683349609375, 248.12037658691406, 304.11541748046875, 345.174072265625, 539.804931640625, 656.8443603515625, 690.8372192382812, 767.3978271484375, 1078.5927734375, 1312.6719970703125]
108: [106.04988861083984, 219.13323974609375, 263.10546875, 376.1802978515625, 505.22943115234375, 606.2666625976562, 769.3348999023438, 775.3483276367188, 932.4013061523438]
109: [189.12013244628906, 263.10321044921875, 376.1865539550781, 437.272705078125, 446.2615051269531, 505.2274475097656, 559.3363647460938, 565.8211669921875, 606.2725830078125, 609.3391723632812, 646.3831176757812, 665.8776245117188, 747.4129028320312, 774.464111328125, 828.9447021484375, 879.4656372070312, 932.3869018554688, 943.9841918945312, 1000.5340576171875, 1217.66064453125]
110: [166.08627319335938, 253.09295654296875, 279.1695251464844, 352.15875244140625, 442.23199462890625, 564.2642822265625, 567.2515258789062, 612.317626953125, 680.3289184570312, 725.3654174804688, 760.8844604492188, 789.389892578125, 854.9103393554688, 890.429931640625, 954.9550170898438, 1036.4888916015625, 1152.5870361328125, 1223.6246337890625]
111: [90.05406951904297, 219.0934600830078, 245.07667541503906, 310.1647033691406, 375.1975402832031, 376.11572265625, 488.2811584472656, 619.3233032226562, 645.3107299804688, 748.3582153320312, 774.3342895507812]
112: [74.061279296875, 147.1136932373047, 173.0560760498047, 218.15052795410156, 301.11334228515625, 319.19573974609375, 400.1802978515625, 450.2375793457031, 514.22412109375, 581.2698364257812, 677.2874755859375, 709.3355102539062, 795.3654174804688, 806.3322143554688, 808.4067993164062, 859.4109497070312, 887.9144287109375, 935.3627319335938, 936.4119873046875, 945.4209594726562, 955.47705078125, 1082.4329833984375, 1084.512451171875, 1181.49462890625, 1213.5546875, 1309.5546875, 1376.61865234375, 1440.613525390625, 1490.66064453125, 1571.63037109375, 1589.7357177734375]
113: [182.08013916015625, 229.1154022216797, 296.12420654296875, 344.14697265625, 401.16522216796875, 573.212890625, 701.2720947265625, 752.3242797851562, 800.3568115234375, 867.3408203125, 914.3833618164062]
114: [90.0547103881836, 124.03975677490234, 205.081787109375, 247.07460021972656, 304.14984130859375, 351.6581115722656, 360.1579895019531, 474.19940185546875, 547.2409057617188, 603.2423095703125, 660.331787109375, 702.3079223632812]
115: [74.06098175048828, 130.04800415039062, 130.04800415039062, 147.11224365234375, 218.1495819091797, 259.0928039550781, 319.1974792480469, 355.1707763671875, 404.7038269042969, 406.16064453125, 450.2366638183594, 478.2379150390625, 505.220458984375, 542.7672119140625, 581.2779541015625, 607.2839965820312, 633.281005859375, 709.3355712890625, 764.3194580078125, 808.4052734375, 895.3671264648438, 955.4703979492188, 1084.5003662109375]
116: [74.05964660644531, 147.11343383789062, 263.1022033691406, 278.1490783691406, 360.1531677246094, 448.2330017089844, 489.1965026855469, 498.76092529296875, 555.300537109375, 562.3541259765625, 628.8385620117188, 633.3831787109375, 636.2673950195312, 693.3597412109375, 741.8848876953125, 764.426513671875, 895.4606323242188, 996.5037231445312, 1109.597412109375, 1256.6812744140625]
117: [175.11854553222656, 263.100341796875, 288.2030029296875, 417.2380065917969, 489.1955261230469, 546.2831420898438, 636.2589721679688, 675.3258056640625, 749.3469848632812, 762.3623046875, 978.4226684570312, 981.4285888671875, 985.4425659179688, 1035.9825439453125, 1092.5166015625, 1093.445068359375, 1112.4776611328125, 1166.0487060546875, 1221.56396484375, 1230.591796875, 1266.5423583984375, 1279.1029052734375, 1480.6728515625]
118: [147.07696533203125, 173.0551300048828, 173.0551300048828, 260.16046142578125, 389.201416015625, 446.1488952636719, 460.23748779296875, 559.2344970703125, 589.2786865234375, 660.2833862304688, 694.8474731445312, 787.3814086914062, 787.3814086914062, 838.4212036132812, 881.9411010742188, 901.4308471679688, 938.4683837890625, 966.9886474609375, 1018.4715576171875, 1031.01513671875, 1086.5255126953125, 1088.038330078125, 1131.54833984375, 1187.0869140625, 1188.5806884765625, 1251.607421875, 1286.6060791015625, 1287.1185302734375, 1289.6146240234375, 1337.6639404296875, 1351.6473388671875, 1408.193359375]
119: [147.11129760742188, 173.05560302734375, 218.15013122558594, 225.62615966796875, 301.1142883300781, 319.1953430175781, 355.1727294921875, 400.1861267089844, 403.66253662109375, 404.70587158203125, 450.2374572753906, 478.2325439453125, 514.2291870117188, 581.2766723632812, 591.258544921875, 655.277587890625, 677.2883911132812, 688.8114624023438, 709.3377075195312, 720.8080444335938, 745.8366088867188, 795.3756103515625, 806.33447265625, 808.4031982421875, 859.3991088867188, 935.3719482421875, 955.476318359375, 1082.4346923828125, 1084.5140380859375, 1181.5030517578125, 1213.545654296875, 1309.54833984375]
120: [147.0771942138672, 173.05491638183594, 260.1610107421875, 274.10418701171875, 295.1403503417969, 295.1403503417969, 387.1798095703125, 389.2025146484375, 460.2402648925781, 488.23065185546875, 589.2838745117188, 589.2838745117188, 600.3094482421875, 752.3939208984375, 787.3829345703125, 787.3829345703125, 795.90234375, 846.4197998046875, 852.45166015625, 880.9609375, 901.4216918945312, 944.9966430664062, 959.501220703125, 1002.0135498046875, 1016.5176391601562, 1029.5023193359375, 1086.4927978515625, 1101.054443359375, 1101.054443359375, 1117.5655517578125, 1165.5802001953125, 1201.10302734375, 1202.1019287109375, 1216.6270751953125, 1265.6212158203125, 1286.6151123046875, 1322.1650390625, 1503.7806396484375]
121: [147.110595703125, 218.14895629882812, 229.11874389648438, 319.1975402832031, 344.14190673828125, 355.1691589355469, 400.6761474609375, 401.1678771972656, 404.70611572265625, 450.23602294921875, 457.6970520019531, 478.2453308105469, 516.1939086914062, 581.278564453125, 603.7457885742188, 688.8037719726562, 701.2739868164062, 709.3338012695312, 741.802001953125, 745.8505859375, 791.3364868164062, 795.3591918945312, 800.3411254882812, 808.40283203125, 914.3809204101562, 920.890380859375, 955.4703369140625, 973.92919921875, 1031.457275390625, 1077.4403076171875, 1084.5137939453125, 1206.4786376953125, 1213.5604248046875, 1335.536376953125, 1376.6197509765625, 1490.6695556640625, 1581.6534423828125, 1589.7286376953125]
122: [147.0774688720703, 244.1302490234375, 260.16046142578125, 359.1566162109375, 389.1973876953125, 460.2406005859375, 531.2046508789062, 687.8375854492188, 689.2667846679688, 787.3861694335938, 787.3861694335938, 901.427490234375, 959.982666015625, 1060.0296630859375, 1088.5455322265625, 1132.5487060546875, 1151.5821533203125, 1152.567138671875, 1202.1025390625, 1209.594970703125, 1286.6060791015625, 1337.6669921875, 1373.155517578125, 1374.66796875, 1408.67724609375, 1473.1944580078125, 1481.2227783203125, 1529.7437744140625]
123: [74.05982208251953, 147.113037109375, 263.1015319824219, 278.1539001464844, 317.1941223144531, 318.6321716308594, 360.15643310546875, 375.1742858886719, 375.1840515136719, 382.71490478515625, 406.24114990234375, 425.7074279785156, 448.2353210449219, 489.19677734375, 498.7606201171875, 555.3021850585938, 562.3396606445312, 628.8359985351562, 633.3878784179688, 636.2648315429688, 693.3550415039062, 741.8939208984375, 749.3563842773438, 764.4224243164062, 850.4019775390625, 895.4596557617188, 895.4827270507812, 996.5113525390625]
124: [175.119140625, 263.1022033691406, 288.2020263671875, 360.1510009765625, 417.2393798828125, 489.1963806152344, 546.2857666015625, 547.2266845703125, 611.2864379882812, 636.2544555664062, 675.3294067382812, 762.3607788085938, 818.9037475585938, 854.4053955078125, 863.9183959960938, 877.3766479492188, 919.9278564453125, 919.9530639648438, 921.4453125, 978.4356689453125, 985.4492797851562, 1035.9864501953125, 1072.978515625, 1092.5107421875, 1166.061279296875, 1230.5750732421875]
125: [74.05989074707031, 147.11134338378906, 173.0557098388672, 278.1540222167969, 287.0986633300781, 344.1200256347656, 382.7135009765625, 406.24761962890625, 445.1634521484375, 498.7577819824219, 523.7186889648438, 558.2435302734375, 628.8370971679688, 633.3751831054688, 673.2764282226562, 693.3515014648438, 741.8863525390625, 764.4164428710938, 815.4192504882812, 820.3491821289062, 872.9298095703125, 895.4652099609375, 917.4031372070312, 929.4813232421875, 996.5083618164062, 1008.4907836914062, 1046.43359375, 1109.5965576171875, 1385.703369140625]
